{
 "cells": [
  {
   "cell_type": "code",
   "execution_count": 1,
   "id": "86b8de44",
   "metadata": {},
   "outputs": [],
   "source": [
    "import numpy as np\n",
    "import scipy.io\n",
    "import matplotlib.pyplot as plt\n",
    "import seaborn as sns"
   ]
  },
  {
   "cell_type": "code",
   "execution_count": 3,
   "id": "9ba8d2ff",
   "metadata": {},
   "outputs": [
    {
     "name": "stdout",
     "output_type": "stream",
     "text": [
      "[-0.02689149  0.13521655  0.61367297 ...  0.38564207 -0.04940785\n",
      "  0.45099042]\n",
      "[-0.02689149  0.13521655 -0.19551814 ...  0.10280237 -0.04940785\n",
      "  0.45099042]\n"
     ]
    }
   ],
   "source": [
    "data1_path = r\"D:\\code\\WM_prediction\\data\\HCPD\\fc_vector\\HCPD_GG_vectors.npy\"\n",
    "fc_vectors1 = np.load(data1_path)\n",
    "print(fc_vectors1[5])\n",
    "data2_path = r\"D:\\code\\WM_prediction\\data\\HCPD\\table\\test_confounds_regress\\total_FCvector_GG.mat\"\n",
    "fc_vectors2 = scipy.io.loadmat(data2_path)\n",
    "fc_vectors2 = fc_vectors2['total_FCvector_GG']\n",
    "print(fc_vectors2[5])\n"
   ]
  },
  {
   "cell_type": "code",
   "execution_count": 12,
   "id": "e9da196e",
   "metadata": {},
   "outputs": [
    {
     "name": "stdout",
     "output_type": "stream",
     "text": [
      "2.4115398075199845\n",
      "-1.1735181018174963\n"
     ]
    }
   ],
   "source": [
    "print(fc_vectors1.max())\n",
    "print(fc_vectors1.min())"
   ]
  },
  {
   "cell_type": "code",
   "execution_count": 11,
   "id": "5d6e64d5",
   "metadata": {},
   "outputs": [
    {
     "name": "stdout",
     "output_type": "stream",
     "text": [
      "2.4115398075714753\n",
      "-1.1735181016419207\n"
     ]
    }
   ],
   "source": [
    "print(fc_vectors2.max())\n",
    "print(fc_vectors2.min())"
   ]
  },
  {
   "cell_type": "code",
   "execution_count": 5,
   "id": "09ff6f6d",
   "metadata": {},
   "outputs": [],
   "source": [
    "diff_mat = fc_vectors1 - fc_vectors2\n",
    "\n"
   ]
  },
  {
   "cell_type": "code",
   "execution_count": null,
   "id": "cbc940e0",
   "metadata": {},
   "outputs": [
    {
     "name": "stdout",
     "output_type": "stream",
     "text": [
      "[1.16045196e-01 4.16013803e-02 1.59555758e+00 ... 9.68331824e-01\n",
      " 6.16295287e-03 6.83366919e-10] (4950,)\n",
      "[1.77996241 2.56614182 1.75708594 1.95452108 1.73034604 1.76048128\n",
      " 1.72736962 1.92143653 2.22112746 1.80417726 1.65657346 1.78387206\n",
      " 1.88888076 1.99108014 1.87159388 1.99271616 1.84034253 2.00427961\n",
      " 1.80059033 1.98071193 1.785307   1.93992191 1.80652388 1.51418635\n",
      " 1.84468862 1.92730701 1.86192349 1.70056753 2.124684   1.74734831\n",
      " 1.78248138 1.89877813 1.8296051  1.94786345 1.89637377 1.92628518\n",
      " 2.43254594 1.93391221 1.89453334 1.73756379 2.02057562 1.83605594\n",
      " 1.76573246 1.96521058 1.69577997 1.83547823 1.83779929 1.51292119\n",
      " 1.68483246 1.87141742 1.84615511 1.71983463 1.75873066 2.20134733\n",
      " 1.88035998 2.54781662 1.53059006 1.9083706  2.11720393 2.16923507\n",
      " 1.87722096 1.7841544  1.79142675 2.19411842 1.95818496 1.88060403\n",
      " 2.08456837 2.11074218 1.96874521 1.88110611 2.17804151 1.71147005\n",
      " 1.96579094 1.6100999  1.71008256 1.91845943 1.95939571 1.89826332\n",
      " 1.86622966 1.79074848 1.88709653 1.70883653 1.73854293 0.75155091\n",
      " 0.62459368 1.85338138 0.96103775 0.7771693  0.71543652 0.81366348\n",
      " 0.78928013 1.8030307  1.81646755 0.74068561 0.76000409 0.65828123\n",
      " 2.02779607 1.76108208 1.72770789 2.10297119 2.10880637 2.07179481\n",
      " 1.91868222 1.94591787 1.73081491 1.86921533 1.8039639  1.69577178\n",
      " 2.00110308 1.96185262 2.00616214 2.1571488  1.6722864  1.78677825\n",
      " 2.38372509 2.08987393 1.80256921 1.68019739 1.83581932 1.91629543\n",
      " 1.67136595 1.86909634 1.88954604 1.96898231 1.86245487 1.886439\n",
      " 1.84575417 2.14037961 1.75493568 1.99594442 1.56846312 1.97057992\n",
      " 1.99033308 1.82618371 1.47162719 1.81743121 1.97977985 1.92566455\n",
      " 1.56239729 1.75085411 1.9138251  2.1970275  1.74712737 1.57033337\n",
      " 2.23660761 2.14737055 1.99723888 1.89635524 1.64936165 1.8325917\n",
      " 1.58865569 1.80249622 1.80181473 1.90129853 2.20486506 1.63494664\n",
      " 1.86532788 1.93724087 1.88778176 1.83891459 1.87465434 2.03428698\n",
      " 2.05003439 1.75106923 1.81753664 2.4954603  1.54830153 1.91396938\n",
      " 1.62274637 1.6962773  1.93281427 2.09346849 1.42928972 2.27434682\n",
      " 1.84569451 1.75506665 1.93549856 1.88278918 1.61327124 1.89067629\n",
      " 1.80838423 1.82041144 1.93097848 1.76236463 1.70788473 1.77298105\n",
      " 1.94187068 1.66162978 2.11418442 1.78859347 1.68193327 1.83401611\n",
      " 1.94633146 2.12716527 2.1198223  2.31174507 1.797256   1.50296924\n",
      " 1.74672049 1.90505669 1.8710887  1.89649637 1.60811127 2.02523191\n",
      " 1.80905084 1.792383   1.78831701 1.65519667 2.26094074 1.8784632\n",
      " 1.76829113 1.80831506 1.96690632 1.75291584 2.18355823 1.49619603\n",
      " 2.12364011 1.78312084 1.72996262 1.72946891 1.87849739 1.94091237\n",
      " 1.72329541 1.93792177 1.91120601 1.65241393 2.00266737 1.72413126\n",
      " 1.76017284 1.55732785 2.14469613 1.61720619 2.248144   1.67140072\n",
      " 1.86379294 1.98456055 1.82130304 2.27345488 2.11805217 2.14055529\n",
      " 1.80916714 1.95926197 1.70552102 1.85863221 1.40011792 1.80166869\n",
      " 1.90928018 1.6835713  2.00302139 1.68545571 1.49535346 1.59387913\n",
      " 1.65036941 1.62519113 1.8539782  2.02516547 1.71464667 1.87846892\n",
      " 1.89074602 1.95828762 1.76914471 1.65646238 2.13163106 1.85764801\n",
      " 1.96222645 2.55071888 2.04739572 1.66277114 1.95231522 1.92386414\n",
      " 2.0256688  2.2295267  1.84096125 1.79219948 1.79112428 1.93576121\n",
      " 1.66667531 1.89847657 1.81323438 2.16005062 1.41583837 1.99141737\n",
      " 1.46525076 1.84353533 2.15641867 1.69529469 1.77150889 1.74412668\n",
      " 1.75583342 1.60140049 1.64755868 1.75871093 2.12512139 1.75916095\n",
      " 1.74850185 1.64069287 1.75367613 1.67550007 1.93810031 1.9251224\n",
      " 1.84491878 1.73149745 1.57160591 1.97474612 2.04883609 1.98007399\n",
      " 1.83463175 2.42723141 1.54040458 1.82005829 1.80715197 2.06496053\n",
      " 1.75397713 2.16946253 1.71636849 1.98756039 1.74267995 1.88811955\n",
      " 2.03448465 1.7721773  2.02676373 2.27030464 1.69423171 2.17371467\n",
      " 1.65173879 2.01300043 1.94292844 1.80887964 1.80056372 2.08756761\n",
      " 1.83210531 1.9979788  1.94639185 1.89215108 1.75517161 1.68927038\n",
      " 1.79790658 1.79197675 1.81711889 1.99225162 2.05406453 1.89849784\n",
      " 2.10009639 1.95021437 2.23683604 1.82925483 1.72604446 1.61111491\n",
      " 1.70143142 1.88708337 1.8460537  1.90607582 2.01426583 1.93503416\n",
      " 1.93536923 2.0931423  2.05065602 1.85179981 1.80530722 1.85575299\n",
      " 1.69275991 2.58794663 1.92544569 2.06308365 1.54109688 1.83070031\n",
      " 1.90658324 2.08123217 1.75841644 1.86785309 1.85600744 1.80137802\n",
      " 1.67629342 1.76622558 1.84757392 1.78968842 1.98953926 1.76236428\n",
      " 2.24925396 1.92759645 1.96316185 1.59068732 1.52198075 2.29369558\n",
      " 2.11024128 1.96135879 1.77720252 1.49355263 1.74924733 1.86869714\n",
      " 1.7104546  1.6690078  1.76601213 2.06792018 1.94921334 1.74163224\n",
      " 1.76229392 1.6746371  2.12578638 1.55771059 1.45208626 1.85997138\n",
      " 1.73561943 1.532629   2.20915225 1.89317708 1.84484807 1.8141038\n",
      " 2.1983479  1.75277527 2.12586706 2.07646828 1.90286971 1.94680706\n",
      " 2.11530496 1.46948816 1.64397154 1.82651638 1.69239432 1.59710541\n",
      " 2.01782747 1.8042132  1.90408172 1.84392377 1.58286911 1.59467416\n",
      " 1.95902099 1.76316191 2.23265076 1.86242887 1.72087752 1.70144498\n",
      " 1.85588495 1.98806591 1.78434114 1.62979687 1.87546416 2.23188931\n",
      " 1.82068811 1.64917087 2.08866144 2.00853389 1.70976688 2.11445958\n",
      " 1.57425361 2.27291117 1.96662394 1.80350284 2.13213315 1.61803458\n",
      " 1.76098149 1.65017379 1.63796878 1.7243405  1.81098952 1.98813255\n",
      " 2.2933015  1.86589652 1.66698952 2.29990157 1.78125664 1.7825194\n",
      " 1.75888985 1.98445069 1.77495609 1.83215449 2.27391285 1.64421586\n",
      " 2.25442826 1.94186005 1.85048242 1.74409967 1.87192895 1.77179164\n",
      " 1.73576517 1.66491    1.8325745  1.65151484 2.0100907  1.86718828\n",
      " 1.84084797 1.62122126 1.77661364 1.92815406 1.8516145  2.13606536\n",
      " 1.71209348 2.01976709 2.03172065 1.65687191 2.0123465  1.69334085\n",
      " 1.73849602 1.69021297 1.75110063 1.67534344 1.74419723 1.72329306\n",
      " 1.75531912 2.33562054 1.58422341 2.20517842 1.79233426 1.83532278\n",
      " 1.90307786 1.94581688 1.64013365 1.67244281 2.07627395 2.04317095\n",
      " 2.2793642  1.81070215 2.08258355 2.16921243 1.7166671  1.86624972\n",
      " 2.00394617 1.58161684 2.11009994 1.75446881 1.78174075 1.74284044\n",
      " 1.97690015 1.71936007 1.56351568 1.67724709 1.6145741  2.06522694\n",
      " 1.96850587 1.78551942 1.67455383] (531,)\n"
     ]
    }
   ],
   "source": [
    "column_max_values = np.max(diff_mat, axis=0)\n",
    "print(column_max_values, column_max_values.shape)\n",
    "row_max_values = np.max(diff_mat, axis=1)\n",
    "print(row_max_values, row_max_values.shape)\n"
   ]
  },
  {
   "cell_type": "code",
   "execution_count": 41,
   "id": "d5a08fe0",
   "metadata": {},
   "outputs": [
    {
     "name": "stdout",
     "output_type": "stream",
     "text": [
      "0.5468967562187285\n",
      "-0.3752651197176266\n"
     ]
    }
   ],
   "source": [
    "np.set_printoptions(threshold=np.inf)  # 完全显示所有元素\n",
    "\n",
    "data1_path = r\"D:\\code\\WM_prediction\\data\\HCPD\\fc_vector\\HCPD_WW_vectors.npy\"\n",
    "fc_vectors1 = np.load(data1_path)\n",
    "# print(fc_vectors1[20])\n",
    "print(fc_vectors1[95].max())\n",
    "print(fc_vectors1[95].min())\n"
   ]
  },
  {
   "cell_type": "code",
   "execution_count": 47,
   "id": "f86bc846",
   "metadata": {},
   "outputs": [
    {
     "name": "stdout",
     "output_type": "stream",
     "text": [
      "0.9746872441564229\n",
      "-0.41226759473503116\n"
     ]
    }
   ],
   "source": [
    "data2_path = r\"D:\\code\\WM_prediction\\data\\HCPD\\table\\test_confounds_regress\\total_FCvector_WW.mat\"\n",
    "fc_vectors2 = scipy.io.loadmat(data2_path)\n",
    "fc_vectors2 = fc_vectors2['total_FCvector_WW']\n",
    "# print(fc_vectors2[20])\n",
    "fc_subj = fc_vectors2[95][~np.isnan(fc_vectors2[95])]\n",
    "print(fc_subj.max())\n",
    "print(fc_subj.min())\n"
   ]
  },
  {
   "cell_type": "code",
   "execution_count": null,
   "id": "cbce30ca",
   "metadata": {},
   "outputs": [
    {
     "name": "stdout",
     "output_type": "stream",
     "text": [
      "[[ 1.00000000e+00  0.00000000e+00  2.01613124e-01 -8.74666005e-03\n",
      "   1.19121927e-01 -2.75209039e-01  0.00000000e+00  0.00000000e+00\n",
      "   1.05037854e-01  8.96842269e-02  9.77871191e-02  2.82519814e-01\n",
      "  -1.15667798e-01  2.52619723e-01  7.06240438e-02 -1.23331952e-01\n",
      "  -2.62178290e-02  2.06814136e-01  6.93064831e-02  6.16870878e-02\n",
      "   1.05330958e-01 -3.57491413e-02  1.97675716e-01  1.23102109e-01\n",
      "  -5.26739712e-02 -3.02298664e-02  3.87920645e-02  7.74850905e-02\n",
      "  -2.20175753e-02  8.53340158e-02 -1.07499754e-02  1.73021128e-01\n",
      "   6.65730080e-02  1.19839791e-01  1.85310458e-01  6.35890836e-02\n",
      "   7.27900350e-02  1.29413526e-01  4.87467627e-02  2.52068771e-02\n",
      "  -7.25560409e-02  5.72906702e-02  1.00944456e-01  8.40626398e-03\n",
      "   3.46388348e-02  1.28116689e-01  9.36756371e-02  1.12334660e-01\n",
      "   5.45905671e-02  1.30648495e-01  2.09849719e-01  1.54176839e-01\n",
      "   6.10897730e-02  1.00616775e-01  1.75489274e-01  1.19732735e-01\n",
      "   5.99776025e-02 -1.00173491e-01 -9.28551860e-02 -5.80620595e-02\n",
      "  -7.11683279e-02 -3.72393455e-02 -1.53354922e-01  1.08693679e-01\n",
      "   5.79953174e-02  1.48999944e-01  5.24885699e-02  1.40217727e-01]\n",
      " [ 0.00000000e+00  0.00000000e+00  0.00000000e+00  0.00000000e+00\n",
      "   0.00000000e+00  0.00000000e+00  0.00000000e+00  0.00000000e+00\n",
      "   0.00000000e+00  0.00000000e+00  0.00000000e+00  0.00000000e+00\n",
      "   0.00000000e+00  0.00000000e+00  0.00000000e+00  0.00000000e+00\n",
      "   0.00000000e+00  0.00000000e+00  0.00000000e+00  0.00000000e+00\n",
      "   0.00000000e+00  0.00000000e+00  0.00000000e+00  0.00000000e+00\n",
      "   0.00000000e+00  0.00000000e+00  0.00000000e+00  0.00000000e+00\n",
      "   0.00000000e+00  0.00000000e+00  0.00000000e+00  0.00000000e+00\n",
      "   0.00000000e+00  0.00000000e+00  0.00000000e+00  0.00000000e+00\n",
      "   0.00000000e+00  0.00000000e+00  0.00000000e+00  0.00000000e+00\n",
      "   0.00000000e+00  0.00000000e+00  0.00000000e+00  0.00000000e+00\n",
      "   0.00000000e+00  0.00000000e+00  0.00000000e+00  0.00000000e+00\n",
      "   0.00000000e+00  0.00000000e+00  0.00000000e+00  0.00000000e+00\n",
      "   0.00000000e+00  0.00000000e+00  0.00000000e+00  0.00000000e+00\n",
      "   0.00000000e+00  0.00000000e+00  0.00000000e+00  0.00000000e+00\n",
      "   0.00000000e+00  0.00000000e+00  0.00000000e+00  0.00000000e+00\n",
      "   0.00000000e+00  0.00000000e+00  0.00000000e+00  0.00000000e+00]\n",
      " [ 2.01613124e-01  0.00000000e+00  1.00000000e+00 -6.07725383e-02\n",
      "  -4.98031722e-02  1.56946896e-02  0.00000000e+00  0.00000000e+00\n",
      "  -4.95661302e-02  1.20744522e-01 -8.37621838e-02 -2.80126226e-02\n",
      "   1.26091973e-01  1.87680281e-01  1.48564848e-01 -2.23580022e-01\n",
      "  -9.08993140e-03  2.36327218e-01 -8.84152645e-02  1.25449599e-01\n",
      "   5.38441062e-02 -5.47346512e-02  2.18948259e-01  3.26382645e-01\n",
      "  -1.70481461e-01  2.82198295e-02 -1.62628439e-01 -3.85757319e-02\n",
      "  -3.96890258e-02  5.80220573e-02  3.14413708e-02  1.82326463e-01\n",
      "  -4.53002773e-02  1.21197749e-02  1.19672011e-01 -2.62071177e-02\n",
      "   1.60303722e-02 -1.50717332e-01  1.37731939e-01  5.59683069e-02\n",
      "  -1.18449812e-01 -1.08387425e-01 -1.19272027e-01  5.75595604e-02\n",
      "   2.24487705e-01  1.10814076e-01  1.25348922e-01 -6.57311148e-02\n",
      "   9.42223113e-02  4.33786728e-02  4.45528646e-01  5.29017036e-01\n",
      "  -8.56341833e-03  1.28439821e-01  4.53093311e-02  1.86847076e-01\n",
      "   1.94882590e-01 -5.61476839e-02 -1.41199293e-02 -1.15799156e-01\n",
      "  -9.12563997e-03  1.03509496e-01 -2.51215249e-01  1.23808060e-01\n",
      "   1.24727985e-01  7.31550133e-02 -3.76027409e-02  1.35103998e-01]\n",
      " [-8.74666005e-03  0.00000000e+00 -6.07725383e-02  1.00000000e+00\n",
      "   1.10286536e-01 -1.13265793e-02  0.00000000e+00  0.00000000e+00\n",
      "  -1.48528548e-01  8.92057356e-02 -2.25495990e-03  2.47321140e-02\n",
      "   1.03313208e-01 -2.20180547e-02  1.40546636e-02 -6.86403433e-02\n",
      "   2.81154342e-03 -1.02143258e-01  8.37472859e-02  1.07848992e-02\n",
      "   2.36091518e-02 -7.86163737e-02 -5.18279155e-02 -6.49113370e-02\n",
      "   5.43443992e-02 -1.33975018e-01 -1.71566151e-02 -3.26253350e-02\n",
      "   8.41228163e-02  4.22569502e-02 -8.41183582e-02 -4.69076707e-03\n",
      "   7.21576361e-03 -4.92424834e-02  1.48898547e-01  2.00901885e-01\n",
      "  -5.87615828e-02 -4.09393700e-02 -1.70608215e-02  9.67112937e-02\n",
      "   1.39842072e-02 -3.20501407e-03 -1.44441043e-02 -3.81294781e-02\n",
      "   1.96149387e-02 -3.70471975e-02 -4.81626803e-02  1.73148323e-01\n",
      "   3.58141595e-02  7.11833727e-02 -2.81235859e-02 -1.27820144e-02\n",
      "   6.33796527e-02 -1.03481633e-01  1.57324545e-01  1.08317091e-01\n",
      "   3.39146417e-02  5.35623016e-02  4.24756414e-02  3.34514200e-03\n",
      "   4.82007001e-02 -8.52213357e-02  3.21785466e-02  1.67564882e-03\n",
      "   2.13899780e-02  5.56622485e-02  4.04063666e-02 -9.60920686e-02]\n",
      " [ 1.19121927e-01  0.00000000e+00 -4.98031722e-02  1.10286536e-01\n",
      "   1.00000000e+00 -1.19671456e-02  0.00000000e+00  0.00000000e+00\n",
      "  -3.14507550e-02  3.07663722e-03  2.48837577e-02  4.71610778e-02\n",
      "   5.52468533e-03  5.97105003e-02 -1.50191246e-01 -5.40975277e-02\n",
      "  -1.69861692e-02  1.00770981e-01  3.74052546e-02 -1.01892876e-01\n",
      "  -1.87188504e-02  4.47511049e-02 -1.09165262e-01  8.91612974e-02\n",
      "  -1.75275325e-01 -5.75188959e-02  2.54042218e-01  7.55222721e-02\n",
      "   2.39880760e-01  1.43030923e-01  1.14218090e-01  1.52522057e-01\n",
      "  -1.18409205e-01 -8.83085881e-02  1.86522025e-01  2.85103770e-02\n",
      "   6.94090299e-02  1.43344285e-01  2.21999944e-01 -1.76634323e-02\n",
      "   1.66775127e-01 -5.00287975e-02 -1.63852739e-02  1.50449852e-01\n",
      "  -1.59336143e-01 -1.09843713e-01  9.90601971e-02  1.08677541e-01\n",
      "   2.18620337e-01  1.83853345e-01  4.75154417e-02 -3.21474395e-02\n",
      "   2.78701987e-02  3.34562248e-02 -7.52676101e-02 -1.25933247e-01\n",
      "  -6.19756581e-02 -3.43428612e-02 -3.60808846e-03 -1.64225372e-02\n",
      "   2.26589111e-01  1.22330425e-01  1.29672708e-01  6.21101966e-02\n",
      "   1.38637738e-01  1.17598886e-01  2.31426167e-01  1.31939303e-01]\n",
      " [-2.75209039e-01  0.00000000e+00  1.56946896e-02 -1.13265793e-02\n",
      "  -1.19671456e-02  1.00000000e+00  0.00000000e+00  0.00000000e+00\n",
      "  -3.01507090e-02  1.46876370e-01 -1.42967207e-01 -1.69447389e-01\n",
      "   7.08337387e-02 -1.45217932e-01 -8.04888758e-02  2.39218963e-01\n",
      "   7.44474288e-02  1.38306799e-02 -2.26264038e-02 -8.90192847e-02\n",
      "  -6.02980236e-05  2.23487678e-02  1.89522493e-02  6.05804190e-02\n",
      "   2.58724330e-02 -8.42042709e-02  4.44971430e-02 -6.64702755e-02\n",
      "  -7.16356900e-03  1.01477132e-02  1.93423481e-01  2.76135612e-02\n",
      "  -2.52949641e-02 -2.44449734e-02 -7.99796529e-02 -9.93017985e-02\n",
      "  -5.87042395e-02 -1.40211648e-01  5.31690919e-02 -1.06833714e-01\n",
      "   7.71756322e-03 -1.46308622e-02  6.20007704e-02  1.09302259e-01\n",
      "   1.60898875e-01  1.20911575e-01 -4.61940307e-02 -1.68371543e-01\n",
      "   1.97886060e-02  2.77714326e-03  6.26294571e-02  1.06635926e-01\n",
      "  -4.65341455e-02 -6.40802746e-02 -1.51142341e-01 -8.90664857e-02\n",
      "   6.77347924e-02  9.11877848e-02  9.16223987e-02 -8.22265588e-02\n",
      "   4.28853059e-02  3.21795577e-02 -6.45461425e-02 -6.15959834e-03\n",
      "   3.54437180e-02  4.13110312e-02 -7.69498220e-02  1.17476578e-02]\n",
      " [ 0.00000000e+00  0.00000000e+00  0.00000000e+00  0.00000000e+00\n",
      "   0.00000000e+00  0.00000000e+00  0.00000000e+00  0.00000000e+00\n",
      "   0.00000000e+00  0.00000000e+00  0.00000000e+00  0.00000000e+00\n",
      "   0.00000000e+00  0.00000000e+00  0.00000000e+00  0.00000000e+00\n",
      "   0.00000000e+00  0.00000000e+00  0.00000000e+00  0.00000000e+00\n",
      "   0.00000000e+00  0.00000000e+00  0.00000000e+00  0.00000000e+00\n",
      "   0.00000000e+00  0.00000000e+00  0.00000000e+00  0.00000000e+00\n",
      "   0.00000000e+00  0.00000000e+00  0.00000000e+00  0.00000000e+00\n",
      "   0.00000000e+00  0.00000000e+00  0.00000000e+00  0.00000000e+00\n",
      "   0.00000000e+00  0.00000000e+00  0.00000000e+00  0.00000000e+00\n",
      "   0.00000000e+00  0.00000000e+00  0.00000000e+00  0.00000000e+00\n",
      "   0.00000000e+00  0.00000000e+00  0.00000000e+00  0.00000000e+00\n",
      "   0.00000000e+00  0.00000000e+00  0.00000000e+00  0.00000000e+00\n",
      "   0.00000000e+00  0.00000000e+00  0.00000000e+00  0.00000000e+00\n",
      "   0.00000000e+00  0.00000000e+00  0.00000000e+00  0.00000000e+00\n",
      "   0.00000000e+00  0.00000000e+00  0.00000000e+00  0.00000000e+00\n",
      "   0.00000000e+00  0.00000000e+00  0.00000000e+00  0.00000000e+00]\n",
      " [ 0.00000000e+00  0.00000000e+00  0.00000000e+00  0.00000000e+00\n",
      "   0.00000000e+00  0.00000000e+00  0.00000000e+00  0.00000000e+00\n",
      "   0.00000000e+00  0.00000000e+00  0.00000000e+00  0.00000000e+00\n",
      "   0.00000000e+00  0.00000000e+00  0.00000000e+00  0.00000000e+00\n",
      "   0.00000000e+00  0.00000000e+00  0.00000000e+00  0.00000000e+00\n",
      "   0.00000000e+00  0.00000000e+00  0.00000000e+00  0.00000000e+00\n",
      "   0.00000000e+00  0.00000000e+00  0.00000000e+00  0.00000000e+00\n",
      "   0.00000000e+00  0.00000000e+00  0.00000000e+00  0.00000000e+00\n",
      "   0.00000000e+00  0.00000000e+00  0.00000000e+00  0.00000000e+00\n",
      "   0.00000000e+00  0.00000000e+00  0.00000000e+00  0.00000000e+00\n",
      "   0.00000000e+00  0.00000000e+00  0.00000000e+00  0.00000000e+00\n",
      "   0.00000000e+00  0.00000000e+00  0.00000000e+00  0.00000000e+00\n",
      "   0.00000000e+00  0.00000000e+00  0.00000000e+00  0.00000000e+00\n",
      "   0.00000000e+00  0.00000000e+00  0.00000000e+00  0.00000000e+00\n",
      "   0.00000000e+00  0.00000000e+00  0.00000000e+00  0.00000000e+00\n",
      "   0.00000000e+00  0.00000000e+00  0.00000000e+00  0.00000000e+00\n",
      "   0.00000000e+00  0.00000000e+00  0.00000000e+00  0.00000000e+00]\n",
      " [ 1.05037854e-01  0.00000000e+00 -4.95661302e-02 -1.48528548e-01\n",
      "  -3.14507550e-02 -3.01507090e-02  0.00000000e+00  0.00000000e+00\n",
      "   1.00000000e+00 -5.36569065e-03 -1.56037820e-01  6.65864594e-02\n",
      "  -1.39103454e-01 -4.04030170e-02  1.49796752e-01 -3.22115693e-02\n",
      "  -6.92532075e-02 -3.19557059e-02 -4.30347805e-03  4.60241814e-02\n",
      "   8.80000382e-02 -4.26111355e-02  1.86087249e-02 -3.57079555e-02\n",
      "  -5.42793283e-02 -6.78377485e-02  2.75236666e-02 -2.90506574e-02\n",
      "  -1.31719471e-01  5.08741258e-02 -2.18115077e-02  3.66500153e-02\n",
      "  -8.51099175e-03  2.14827741e-02  5.36965321e-02  4.97538339e-02\n",
      "  -9.12573972e-02  1.42499890e-01 -6.66385619e-02 -4.67126886e-04\n",
      "   1.67223636e-02  1.20290554e-01 -6.50392263e-02  4.87696008e-02\n",
      "  -7.79517367e-02 -7.80000178e-02  1.03653931e-02 -4.43844634e-02\n",
      "   1.68266127e-02 -1.54713548e-01 -1.17650859e-01 -1.15586864e-01\n",
      "  -6.80666278e-03  3.23422224e-03 -5.78704277e-02  4.44896061e-02\n",
      "  -1.58517562e-02  1.18114794e-01 -4.88982577e-02 -1.05190737e-01\n",
      "  -3.88549497e-02  6.13879285e-02  1.51189641e-01 -7.22669805e-02\n",
      "   1.57803414e-01 -5.03470918e-02 -6.22855582e-02 -2.34986443e-02]\n",
      " [ 8.96842269e-02  0.00000000e+00  1.20744522e-01  8.92057356e-02\n",
      "   3.07663722e-03  1.46876370e-01  0.00000000e+00  0.00000000e+00\n",
      "  -5.36569065e-03  1.00000000e+00 -1.44103988e-01 -3.17566867e-03\n",
      "  -1.44120401e-03 -6.46996698e-02  1.17607948e-01 -2.95858964e-02\n",
      "  -3.01008595e-02  8.51931083e-02 -1.59705575e-01  7.57617718e-02\n",
      "  -2.32831230e-01  1.09790652e-02  4.42668402e-02  4.56406869e-02\n",
      "  -9.91620828e-02 -5.08138808e-02  2.49387033e-02  8.74142676e-02\n",
      "  -1.11280858e-01  7.98968530e-02  7.19071348e-02 -4.30575197e-03\n",
      "  -3.47752697e-02  1.64904148e-02  9.06270760e-02  8.38275478e-02\n",
      "  -2.84820432e-02 -3.64764927e-02 -7.30688442e-02 -1.12189674e-01\n",
      "  -1.01303991e-01  8.73499748e-02 -1.42006342e-02 -1.24038217e-01\n",
      "   4.65289597e-02  7.03106727e-02 -9.69969809e-03 -9.55857129e-02\n",
      "   2.62731981e-01  1.21980893e-01  1.10182327e-01  7.14023828e-02\n",
      "  -3.97067490e-02  1.52713774e-01 -2.58228879e-03  9.43879502e-03\n",
      "  -1.30307734e-01  6.69232297e-02  3.44719129e-02 -9.10216403e-02\n",
      "  -2.06081202e-02  1.08609441e-01 -8.03838017e-02  1.74858274e-01\n",
      "   1.71647554e-01 -1.81621814e-02  2.20235204e-02  5.18642114e-02]\n",
      " [ 9.77871191e-02  0.00000000e+00 -8.37621838e-02 -2.25495990e-03\n",
      "   2.48837577e-02 -1.42967207e-01  0.00000000e+00  0.00000000e+00\n",
      "  -1.56037820e-01 -1.44103988e-01  1.00000000e+00  5.87956021e-02\n",
      "   2.57005370e-01  4.64334339e-03 -8.37648943e-02  1.17293808e-01\n",
      "  -1.54979443e-03 -1.43396459e-01  1.74245495e-01 -7.46945325e-02\n",
      "   7.90258571e-02  1.08747491e-01 -1.35479106e-01 -2.34541382e-02\n",
      "   1.00858393e-01  7.64645365e-02  6.18393646e-02  1.22154438e-01\n",
      "   7.05530346e-02 -1.01126636e-01 -5.91827210e-03 -1.47653282e-02\n",
      "  -1.15198702e-02 -3.37646966e-02 -5.02029562e-02 -6.78137452e-02\n",
      "   1.43258472e-01 -1.58320072e-01 -2.58543254e-04  5.73490715e-02\n",
      "   1.00068640e-01  4.44673118e-02 -2.41660831e-02 -1.06234968e-02\n",
      "  -1.16969564e-01 -6.99855424e-02  7.07198052e-02  4.54539382e-02\n",
      "  -7.99624379e-02  6.13610066e-03  3.23513321e-02 -5.87800969e-02\n",
      "   1.78852246e-02 -6.36201746e-02  1.21367685e-02 -1.53432650e-01\n",
      "   1.09094576e-01 -7.81158191e-02  9.56399630e-02  7.49161856e-02\n",
      "   1.02687058e-02 -4.25476569e-02 -8.68659205e-02  5.22254095e-02\n",
      "   3.04671809e-02 -5.68007465e-03  1.77460025e-01  5.84051444e-02]\n",
      " [ 2.82519814e-01  0.00000000e+00 -2.80126226e-02  2.47321140e-02\n",
      "   4.71610778e-02 -1.69447389e-01  0.00000000e+00  0.00000000e+00\n",
      "   6.65864594e-02 -3.17566867e-03  5.87956021e-02  1.00000000e+00\n",
      "   7.23256973e-02  7.34569955e-02  1.19516170e-01 -2.24762558e-01\n",
      "   2.20592114e-02  1.02315136e-01  5.79630545e-04  3.92817521e-02\n",
      "   1.59584572e-01 -8.13827924e-02 -1.11260793e-02 -2.31348242e-02\n",
      "  -4.75168894e-02 -1.33181880e-02  9.19232150e-02  9.28409860e-02\n",
      "   1.68225787e-01  3.29875432e-03 -1.05969767e-01  7.92458466e-02\n",
      "   6.56234029e-02 -5.73522932e-03  1.71976605e-01  2.44758001e-02\n",
      "   5.88626331e-02  1.15594532e-01 -4.83362024e-02  1.25647743e-01\n",
      "   1.25107784e-01 -2.92218403e-02  4.71844525e-02  2.26623068e-02\n",
      "   3.78381493e-02  5.11623024e-02  1.87516371e-02  3.01082078e-01\n",
      "  -1.13511955e-01  4.20069234e-02  6.36781242e-02  4.49216961e-03\n",
      "  -3.32975083e-02 -1.43274483e-01  1.02864680e-01  1.05118926e-01\n",
      "  -8.18925255e-03 -5.89645881e-02 -1.00602324e-01  1.06838829e-01\n",
      "  -1.12908681e-01  5.18860949e-02  4.51224735e-02 -5.93709463e-02\n",
      "   1.08905498e-01  9.67943539e-02  8.71223073e-02  1.01914800e-02]\n",
      " [-1.15667798e-01  0.00000000e+00  1.26091973e-01  1.03313208e-01\n",
      "   5.52468533e-03  7.08337387e-02  0.00000000e+00  0.00000000e+00\n",
      "  -1.39103454e-01 -1.44120401e-03  2.57005370e-01  7.23256973e-02\n",
      "   1.00000000e+00  3.57576450e-01  6.54983962e-02  6.74579983e-02\n",
      "   1.09600672e-01  6.11062437e-02  6.91075976e-03  5.33140319e-02\n",
      "  -4.53840298e-03 -1.05015687e-01 -1.53720505e-01  2.03363067e-01\n",
      "  -1.74597122e-02  2.51063862e-01 -9.17807078e-02  7.72713544e-02\n",
      "   9.06059877e-02  4.88805741e-02  6.66597250e-02  7.08929421e-02\n",
      "  -2.20969220e-02  1.92914174e-02 -6.35842335e-02 -8.23553143e-02\n",
      "  -1.14821329e-01 -9.61869264e-02 -8.86737501e-02 -6.60822120e-02\n",
      "  -1.08956781e-02 -1.12748454e-01  6.57536864e-03  4.14903819e-02\n",
      "  -2.39549975e-02 -9.50229292e-02  1.27089863e-01  1.05302186e-02\n",
      "   5.14102572e-02  6.67339021e-02  6.74771693e-02  1.37639930e-01\n",
      "  -7.40693486e-02 -1.15499315e-01 -6.04739798e-02 -1.19593168e-01\n",
      "   2.14435976e-01 -3.44024969e-02  1.83347221e-01  1.00443164e-01\n",
      "   7.28805112e-03 -1.10902174e-02  2.69014139e-02 -7.26602325e-03\n",
      "   3.46441469e-02  3.72839844e-02  1.10031719e-01  1.63158631e-01]\n",
      " [ 2.52619723e-01  0.00000000e+00  1.87680281e-01 -2.20180547e-02\n",
      "   5.97105003e-02 -1.45217932e-01  0.00000000e+00  0.00000000e+00\n",
      "  -4.04030170e-02 -6.46996698e-02  4.64334339e-03  7.34569955e-02\n",
      "   3.57576450e-01  1.00000000e+00 -5.73346667e-02 -7.81772028e-02\n",
      "  -1.68427657e-03  1.44761847e-01  3.39531306e-02  9.94573594e-02\n",
      "   8.19609469e-02 -6.42325093e-02  1.09840820e-01  3.57850654e-01\n",
      "  -1.52393660e-01  1.10625085e-01 -1.60060833e-01  4.89200647e-02\n",
      "   1.14828831e-01 -1.26244683e-02 -1.07049258e-02  7.14016099e-02\n",
      "  -2.30559442e-01  2.09130895e-02  1.02399466e-01 -2.97456111e-03\n",
      "  -1.04221668e-01 -3.97594463e-02 -1.70882586e-02 -1.09592866e-01\n",
      "  -7.95958972e-02 -7.15724317e-02  7.04726088e-02 -5.31957811e-02\n",
      "  -4.59319505e-02 -2.23104501e-02  8.79763741e-02  3.89980534e-02\n",
      "   6.50089965e-02  1.21834614e-01  1.08502553e-01  1.97726178e-01\n",
      "  -1.27821522e-01 -5.17623249e-02 -5.83769590e-02 -4.13366338e-02\n",
      "   1.72427673e-01 -4.59319244e-02  1.96274640e-01  1.97203719e-01\n",
      "   5.67515238e-02 -1.93511869e-02 -1.75570497e-01  1.37034628e-01\n",
      "  -6.81265705e-02  1.11678161e-01  1.19028727e-01  2.66968262e-01]\n",
      " [ 7.06240438e-02  0.00000000e+00  1.48564848e-01  1.40546636e-02\n",
      "  -1.50191246e-01 -8.04888758e-02  0.00000000e+00  0.00000000e+00\n",
      "   1.49796752e-01  1.17607948e-01 -8.37648943e-02  1.19516170e-01\n",
      "   6.54983962e-02 -5.73346667e-02  1.00000000e+00 -1.12242053e-01\n",
      "  -7.98068634e-02 -3.97494311e-02 -1.46870878e-01  2.40466317e-02\n",
      "   1.25766106e-02 -7.83198638e-02 -3.91312883e-03  3.79714422e-03\n",
      "   3.08927832e-02 -5.41361789e-02  7.08203512e-02  1.43826814e-01\n",
      "  -1.05525269e-01  5.58789135e-02 -6.40869435e-02 -4.77004560e-02\n",
      "   4.12812031e-02  1.14265636e-01  1.41961540e-01 -6.06767161e-02\n",
      "   1.95445378e-02 -7.16006620e-04 -6.78792211e-02  9.81570719e-02\n",
      "  -8.63257292e-02 -3.41973736e-02 -1.41186467e-01  1.16616926e-01\n",
      "  -9.55950494e-02 -1.26081360e-01  4.41536952e-02 -9.35501969e-03\n",
      "   1.75184355e-02 -1.25623926e-02  1.04902122e-01  6.86522255e-02\n",
      "  -6.49128056e-02  2.49485381e-02 -1.29074085e-01  8.40901121e-02\n",
      "   1.78456810e-02  2.98078655e-02 -6.21066515e-02 -1.07702788e-01\n",
      "  -8.77395916e-02  1.50765492e-01 -3.50965760e-02  1.04182037e-01\n",
      "   1.29274748e-01 -1.59779393e-01 -1.84980332e-01 -1.70041491e-01]\n",
      " [-1.23331952e-01  0.00000000e+00 -2.23580022e-01 -6.86403433e-02\n",
      "  -5.40975277e-02  2.39218963e-01  0.00000000e+00  0.00000000e+00\n",
      "  -3.22115693e-02 -2.95858964e-02  1.17293808e-01 -2.24762558e-01\n",
      "   6.74579983e-02 -7.81772028e-02 -1.12242053e-01  1.00000000e+00\n",
      "   1.75700636e-03 -4.12753626e-02  8.77516907e-02 -2.22234046e-02\n",
      "  -1.02469000e-01  2.56680158e-03 -6.38980010e-02 -2.00539477e-02\n",
      "   1.05159316e-01  1.18923445e-01  3.72917486e-02 -1.12334583e-01\n",
      "  -4.42543148e-02 -6.84548680e-02  1.24707919e-01  9.07065878e-02\n",
      "   1.25128828e-01  3.55286284e-02 -1.24918389e-01  5.89788853e-02\n",
      "  -4.08825561e-02 -1.02971796e-01 -8.09049043e-02 -9.73595175e-02\n",
      "   1.01798751e-05 -3.15315711e-02  3.30760229e-02  1.10378355e-02\n",
      "  -6.72391236e-02 -5.55866669e-02  5.80051986e-02 -1.06168134e-01\n",
      "  -1.24396994e-01 -9.44816506e-02 -5.05353198e-02 -2.70356943e-02\n",
      "   8.82043794e-02 -4.17729784e-02  1.71756095e-02 -1.51394244e-01\n",
      "   3.23683363e-02 -1.17479542e-01  1.23029119e-01  1.43597461e-01\n",
      "   1.63107271e-02 -1.08711323e-01 -1.29372577e-02 -7.26665484e-02\n",
      "  -4.27431148e-02  6.46543946e-03 -2.23873650e-02  1.56581336e-02]\n",
      " [-2.62178290e-02  0.00000000e+00 -9.08993140e-03  2.81154342e-03\n",
      "  -1.69861692e-02  7.44474288e-02  0.00000000e+00  0.00000000e+00\n",
      "  -6.92532075e-02 -3.01008595e-02 -1.54979443e-03  2.20592114e-02\n",
      "   1.09600672e-01 -1.68427657e-03 -7.98068634e-02  1.75700636e-03\n",
      "   1.00000000e+00  2.82937241e-01  1.95612025e-01  9.41705867e-03\n",
      "   7.50907930e-02  3.06544594e-02  9.32736089e-02  8.24991315e-02\n",
      "  -1.93763908e-02  5.18340007e-02 -6.96220722e-02 -1.60798279e-01\n",
      "   7.60183824e-02  3.38393579e-02  1.51028694e-01  2.00259800e-01\n",
      "   1.12956940e-01  1.50737391e-01 -9.52903724e-02 -8.22500698e-02\n",
      "  -7.82606129e-02 -7.21781086e-02 -4.05798142e-02  1.19479766e-01\n",
      "  -1.14597084e-01 -6.43810300e-02  3.82581061e-01  1.01138779e-01\n",
      "   6.29815077e-02 -8.01431882e-02  4.28424045e-03 -1.68586494e-01\n",
      "   1.58072424e-01  1.68978135e-01  3.50452049e-02  3.97766475e-02\n",
      "  -8.89824855e-02 -5.85916262e-02  9.00303667e-02 -1.14009597e-01\n",
      "   1.35111269e-02  5.67276854e-02 -4.42860128e-02 -3.26063499e-03\n",
      "  -1.04078484e-01 -8.96584168e-02 -2.84645903e-02 -3.47197348e-02\n",
      "  -3.22287317e-02 -6.51947994e-02  1.22255613e-01  4.80118865e-02]\n",
      " [ 2.06814136e-01  0.00000000e+00  2.36327218e-01 -1.02143258e-01\n",
      "   1.00770981e-01  1.38306799e-02  0.00000000e+00  0.00000000e+00\n",
      "  -3.19557059e-02  8.51931083e-02 -1.43396459e-01  1.02315136e-01\n",
      "   6.11062437e-02  1.44761847e-01 -3.97494311e-02 -4.12753626e-02\n",
      "   2.82937241e-01  1.00000000e+00 -1.16585497e-02  1.41849105e-01\n",
      "   5.91768236e-02  1.55259818e-01  1.13725053e-01  9.10831162e-02\n",
      "  -6.84650363e-02  5.75796248e-02 -1.62352600e-01 -4.00766648e-02\n",
      "   5.34395874e-02  1.76367078e-01  5.01338963e-02  2.55667982e-01\n",
      "   1.27330436e-01  1.04727730e-01  1.59227895e-02 -1.58288503e-01\n",
      "  -1.01966255e-01  2.18303685e-02  5.10079350e-03  2.74039377e-02\n",
      "  -4.61653599e-02 -6.68672362e-02  1.46195949e-01  2.26925359e-01\n",
      "   2.72224227e-02  9.02299392e-02  1.15921755e-01  1.12870697e-02\n",
      "   1.36989120e-01  5.34414985e-02  2.71314500e-01  1.91757129e-01\n",
      "   2.62956075e-02  4.67941162e-02 -1.54180951e-02  1.35785330e-02\n",
      "   1.04500790e-01 -1.32423128e-02 -5.85831394e-02 -7.63705825e-02\n",
      "  -1.62758132e-01 -7.86282471e-02 -1.02074621e-01  5.02721589e-02\n",
      "   5.52179862e-02  8.91137514e-02  1.68477274e-03  5.20929734e-02]\n",
      " [ 6.93064831e-02  0.00000000e+00 -8.84152645e-02  8.37472859e-02\n",
      "   3.74052546e-02 -2.26264038e-02  0.00000000e+00  0.00000000e+00\n",
      "  -4.30347805e-03 -1.59705575e-01  1.74245495e-01  5.79630545e-04\n",
      "   6.91075976e-03  3.39531306e-02 -1.46870878e-01  8.77516907e-02\n",
      "   1.95612025e-01 -1.16585497e-02  1.00000000e+00  1.53863724e-01\n",
      "   1.93756452e-01  4.89844087e-02 -2.63340511e-02  6.95040252e-02\n",
      "   4.23930592e-02  8.22182899e-02  1.03246992e-02  4.72861194e-02\n",
      "   3.69186700e-02  4.94378556e-02 -4.09421398e-03  1.72461815e-01\n",
      "   1.03931766e-01  9.99216657e-02 -1.89988381e-02  1.60787348e-02\n",
      "   3.54350455e-02  2.54225436e-02  1.08142707e-01  2.84699646e-02\n",
      "   1.59152884e-02 -1.74925139e-01  1.66699978e-01 -1.48079701e-02\n",
      "   4.17827182e-02 -1.17674262e-01  4.97960405e-02 -3.21403925e-03\n",
      "  -1.05287572e-01 -1.38927860e-01 -7.91697497e-02 -4.21889609e-02\n",
      "  -3.07835071e-02 -5.62687157e-03  3.58488406e-02 -1.19938286e-01\n",
      "   1.24081948e-02 -1.24541487e-01 -2.32427262e-02  7.63711579e-02\n",
      "   1.51116416e-02 -1.51654374e-01  6.61454259e-02 -1.29774667e-01\n",
      "  -1.63836791e-01  7.20974978e-02  1.22018380e-01  3.60739233e-02]\n",
      " [ 6.16870878e-02  0.00000000e+00  1.25449599e-01  1.07848992e-02\n",
      "  -1.01892876e-01 -8.90192847e-02  0.00000000e+00  0.00000000e+00\n",
      "   4.60241814e-02  7.57617718e-02 -7.46945325e-02  3.92817521e-02\n",
      "   5.33140319e-02  9.94573594e-02  2.40466317e-02 -2.22234046e-02\n",
      "   9.41705867e-03  1.41849105e-01  1.53863724e-01  1.00000000e+00\n",
      "  -2.29800735e-03  1.47255389e-01 -6.93245673e-02 -2.53821882e-02\n",
      "  -3.11500184e-02  1.64709566e-01 -1.01961869e-01  1.54966403e-01\n",
      "  -1.44936624e-01  9.42587898e-02 -3.72773392e-02  3.22334827e-02\n",
      "   7.76897410e-02 -1.76477347e-02 -8.52599153e-02  5.67661027e-02\n",
      "  -2.87596206e-01  9.85846743e-02  2.99085680e-02 -5.28683917e-02\n",
      "   5.56175973e-02 -3.94567911e-02  1.38804359e-01  6.77148578e-02\n",
      "   2.08718545e-01 -4.85712311e-02  4.23061167e-02 -1.22784254e-01\n",
      "   4.81627811e-02  1.20631376e-02  8.63755875e-02 -6.92053143e-02\n",
      "  -3.19809478e-02 -4.32483406e-02  3.23278072e-02  3.14107831e-02\n",
      "   7.65745571e-02 -1.00502924e-01  3.83114763e-02  2.80627870e-02\n",
      "  -1.42835081e-01  4.21474445e-02  6.67791404e-02  4.18646368e-02\n",
      "  -1.41475869e-02  1.12356801e-01 -1.14148587e-01  5.39751768e-02]\n",
      " [ 1.05330958e-01  0.00000000e+00  5.38441062e-02  2.36091518e-02\n",
      "  -1.87188504e-02 -6.02980236e-05  0.00000000e+00  0.00000000e+00\n",
      "   8.80000382e-02 -2.32831230e-01  7.90258571e-02  1.59584572e-01\n",
      "  -4.53840298e-03  8.19609469e-02  1.25766106e-02 -1.02469000e-01\n",
      "   7.50907930e-02  5.91768236e-02  1.93756452e-01 -2.29800735e-03\n",
      "   1.00000000e+00  1.07934890e-01  1.89793534e-02  1.54945059e-02\n",
      "  -7.15537223e-02  9.58318964e-02 -1.05468078e-01  1.32608364e-01\n",
      "   4.65144202e-02 -1.21805924e-01 -1.67734821e-01  1.88837641e-01\n",
      "   1.66208479e-01  1.35589669e-02 -3.60718589e-02 -5.15267239e-02\n",
      "   2.07482185e-03  5.74234002e-02  6.78713698e-02  1.74776458e-01\n",
      "   8.66630943e-02 -1.24893445e-01  1.19940305e-01  9.69910575e-02\n",
      "   2.42011155e-01  3.89694844e-02  1.03906687e-01  5.49990087e-02\n",
      "  -2.06479482e-01 -1.08040730e-01 -1.17467413e-02 -1.59967023e-01\n",
      "  -1.07270869e-01 -6.83464297e-02 -6.83731575e-02 -4.41155314e-02\n",
      "   1.32715425e-01 -1.41317591e-02 -8.00165102e-02  3.02654582e-02\n",
      "   4.83760917e-02 -3.68050021e-02  1.42710967e-03 -3.24822763e-02\n",
      "   5.62465506e-03 -2.45329720e-02  3.00928511e-02 -5.77185637e-02]\n",
      " [-3.57491413e-02  0.00000000e+00 -5.47346512e-02 -7.86163737e-02\n",
      "   4.47511049e-02  2.23487678e-02  0.00000000e+00  0.00000000e+00\n",
      "  -4.26111355e-02  1.09790652e-02  1.08747491e-01 -8.13827924e-02\n",
      "  -1.05015687e-01 -6.42325093e-02 -7.83198638e-02  2.56680158e-03\n",
      "   3.06544594e-02  1.55259818e-01  4.89844087e-02  1.47255389e-01\n",
      "   1.07934890e-01  1.00000000e+00  6.11695206e-02 -1.39226623e-01\n",
      "  -5.64163793e-02  2.48518779e-02 -1.90340804e-02  1.64174868e-01\n",
      "  -2.25361977e-02  1.15600756e-01 -1.61801033e-01  1.12696207e-02\n",
      "   2.88849749e-03  4.00569031e-02 -3.58751441e-02 -4.81376243e-02\n",
      "  -3.67375494e-02  4.26337476e-02 -1.84507602e-02  1.48690473e-01\n",
      "  -3.87847699e-03 -7.32774752e-04  1.37884684e-01 -1.29190309e-01\n",
      "  -6.35530382e-02  9.95232242e-02 -4.44012026e-02 -1.82775731e-01\n",
      "   2.17430553e-03 -1.30223183e-01  9.41844379e-03 -8.49244074e-02\n",
      "  -3.01882690e-02  3.13266766e-02 -1.48134793e-01  9.64527644e-03\n",
      "   7.77644537e-02  5.63773994e-02 -5.32242245e-02 -1.75358163e-01\n",
      "  -6.73546518e-02 -6.69491856e-02  2.95704119e-02 -1.73086271e-03\n",
      "  -1.40296265e-01 -4.85666632e-02 -2.44006016e-02 -8.36610599e-02]\n",
      " [ 1.97675716e-01  0.00000000e+00  2.18948259e-01 -5.18279155e-02\n",
      "  -1.09165262e-01  1.89522493e-02  0.00000000e+00  0.00000000e+00\n",
